0.299251
0.59701
0.893284
1.18808
1.48141
1.77327
2.06368
2.35263
2.64015
2.92623
3.21089
3.49413
3.77595
4.05637
4.33539
4.61302
4.88926
5.16413
5.43762
5.70975
5.98053
6.24995
6.51803
6.78477
7.05019
7.31427
7.57705
7.83851
8.09866
8.35752
8.61509
8.87137
9.12638
9.38011
9.63258
9.88379
10.1337
10.3825
10.6299
10.8762
11.1212
11.3649
11.6075
11.8489
12.089
12.328
12.5657
12.8023
13.0377
13.272
13.505
13.7369
13.9676
14.1972
14.4257
14.653
14.8791
15.1042
15.3281
15.5509
15.7726
15.9932
16.2127
16.4311
16.6484
16.8646
17.0797
17.2938
17.5068
17.7187
17.9296
18.1394
18.3482
18.5559
18.7626
18.9683
19.173
19.3766
19.5792
19.7808
19.9814
20.181
0
0.299251
0.59701
0.893284
1.18808
1.48141
1.77327
2.06368
2.35263
2.64015
2.92623
3.21089
3.49413
3.77595
4.05637
4.33539
4.61302
4.88926
5.16413
5.43762
5.70975
5.98053
6.24995
6.51803
6.78477
7.05019
7.31427
7.57705
7.83851
8.09866
8.35752
8.61509
8.87137
9.12638
9.38011
9.63258
9.88379
10.1337
10.3825
10.6299
10.8762
11.1212
11.3649
11.6075
11.8489
12.089
12.328
12.5657
12.8023
13.0377
13.272
13.505
13.7369
13.9676
14.1972
14.4257
14.653
14.8791
15.1042
15.3281
15.5509
15.7726
15.9932
16.2127
16.4311
16.6484
16.8646
17.0797
17.2938
17.5068
17.7187
17.9296
18.1394
18.3482
18.5559
18.7626
18.9683
19.173
19.3766
19.5792
19.7808
19.9814
20.181
0
0.299251
0.59701
0.893284
1.18808
1.48141
1.77327
2.06368
2.35263
2.64015
2.92623
3.21089
3.49413
3.77595
4.05637
